discrete_label_ct
4
0
4
4
4
4
4
4
0
4
4
4
4
2
4
4
4
4
4
4
4
4
4
2
2
4
4
2
4
13
4
4
4
4
4
4
4
4
4
2
4
4
4
4
4
4
4
4
4
4
4
2
4
4
4
4
4
4
0
4
4
1
2
4
4
4
13
4
2
4
4
4
4
4
2
4
4
4
4
4
4
4
4
2
2
4
4
4
85
4
4
2
4
4
4
4
4
2
4
2
4
4
2
4
4
4
4
4
4
4
4
4
4
4
4
2
4
4
2
2
4
4
4
2
4
4
1
2
4
4
4
4
2
4
2
4
2
4
2
2
4
4
4
4
2
2
2
4
4
4
4
2
4
4
4
4
4
4
4
4
4
4
4
4
4
4
4
4
4
4
4
2
2
13
4
